2d
17
1f
38
2
5
0
c
3
17
7b
17
36
4
39
4
2
5a
41
7b
36
2
7
3
2b
4
a
c
17
22
2d
38
43
4e
59
9
4
7
2
3
e
1b
63
7b
1
36
20
2
6
3
8
9
0
5
15
20
41
ec
57
1
20
4c
20
9
4
20
41
1
7
22
9
17
20
36
c
57
0
2d
0
0
0
0
0
0
0
0
0
0
0
0
0
0
0
0
0
0
0
0
0
0
0
0
0
0
0
0
0
0
0
0
0
0
0
0
0
0
0
0
0
0
0
0
0
0
0
0
0
0
0
0
0
0
0
0
0
0
0
0
0
0
0
0
0
0
0
0
0
0
0
0
0
0
0
0
0
0
0
0
0
0
0
0
0
0
0
0
0
0
0
0
0
0
0
0
0
0
0
0
0
0
0
0
0
0
0
0
0
0
0
0
0
0
0
0
0
0
0
0
0
0
0
0
0
0
0
0
0
0
0
0
0
0
0
0
0
0
0
0
0
0
0
0
0
0
0
0
0
0
0
0
0
0
0
0
0
0
0
0
0
0
0
0
0
0
0
0
0
0
0
0
0
0
0
0
0
0